2000 2000
8753 664
8288 784
209 467
8082 536
3573 307
2447 810
7517 604
1262 128
1091 522
2380 668
4219 537
7826 225
2211 739
1772 544
9683 702
620 382
7831 953
9632 39
3215 772
1111 337
3292 334
9538 972
5371 444
7816 645
362 542
8685 739
4366 493
4573 28
2744 186
3347 449
6852 969
1325 285
9002 582
2932 403
9662 809
2388 986
4014 496
7632 599
7696 319
7631 389
3630 107
6267 760
4787 95
7308 898
362 320
6456 48
4184 417
6370 941
3932 118
5089 685
1026 831
6709 772
9608 616
8102 797
6348 121
5060 126
4185 29
3532 469
5358 336
8338 292
5164 210
1606 483
8760 254
8339 666
4563 279
2522 250
4554 241
2973 845
6580 292
2302 287
9541 366
6268 960
1562 464
6701 978
5842 124
2263 96
6850 999
9017 235
3925 240
1938 573
6152 592
7428 395
9433 631
3044 639
656 142
8284 421
5401 161
1580 719
4919 736
9985 782
6383 398
5786 934
3082 514
7914 217
5291 820
1520 379
6335 990
3804 232
586 347
3397 482
223 648
1539 418
420 691
5676 697
1038 758
3490 482
829 824
7789 985
8065 13
5199 932
9253 45
9851 366
6143 490
3619 517
3752 552
8515 566
3903 337
5198 391
3693 138
5026 656
7388 729
5533 16
7504 935
1730 91
9377 427
4607 815
4504 899
5900 508
3313 899
1429 362
957 789
9398 88
6607 534
9200 160
9639 408
8955 25
7727 1
970 625
4943 71
8598 561
3495 143
3594 712
5658 583
7821 638
9237 777
3990 736
6379 443
5024 713
3836 536
8895 900
9488 766
7139 727
8823 741
1573 460
9061 754
583 942
3622 760
611 364
9730 286
2103 538
3325 844
3135 875
1899 598
5358 84
1002 923
8091 412
3721 472
6942 214
4182 14
4549 901
6567 54
4935 441
20 719
4188 43
5250 897
453 955
8912 19
1146 615
6903 252
7774 769
9786 231
7173 195
4801 188
4156 125
6123 541
2208 404
7700 665
7763 667
8523 908
7657 33
3774 453
8028 175
4615 972
5080 875
8175 648
1139 609
3042 216
334 818
8942 512
5259 785
6595 502
2838 373
5242 922
3925 601
7638 730
3060 228
8418 849
2005 251
2236 754
5920 208
639 575
2518 997
5574 473
8531 551
8644 78
1494 306
5035 183
6474 2
613 452
1987 319
3421 64
6384 368
7632 892
9301 766
9025 203
8433 355
9132 560
7790 293
8497 853
8893 833
2107 459
5073 144
2324 498
9213 110
5494 752
3212 341
7808 732
4175 8
9569 33
2526 1
8103 219
9086 80
7420 645
8872 545
4487 22
9022 891
1209 416
2441 836
229 374
5455 518
6695 656
211 362
2023 113
3307 368
5086 783
6290 774
4276 806
8588 568
8219 403
726 993
6215 675
1069 836
2766 702
1705 432
2268 693
9394 526
1856 379
1834 168
9660 18
9676 624
2340 500
318 939
6537 271
3187 927
8631 574
3285 458
3915 989
3168 98
4509 125
6978 953
7301 871
4272 297
3744 75
6423 113
4380 577
585 295
8870 33
559 328
8356 406
5266 706
5287 746
8823 90
2226 454
5082 318
8278 179
7877 417
2114 922
1632 518
4366 987
7094 891
121 564
4709 934
9361 399
2026 29
2520 281
4047 982
9272 403
9952 504
6988 62
9571 918
9969 734
5522 286
7265 394
1015 311
9663 53
1336 829
8130 730
1076 62
7768 246
2012 17
5873 433
2873 104
7105 48
8345 391
7371 887
7631 580
486 167
7224 982
3021 868
5405 731
8077 316
2476 846
2673 557
1689 694
4879 769
985 448
9756 776
4202 789
9865 919
5424 810
8080 812
8700 453
8270 372
6901 821
7321 232
9300 931
8781 347
4887 237
2069 275
4207 980
4444 119
7389 71
1573 135
4041 989
3452 118
5743 284
4515 446
4142 447
8585 125
1537 100
7048 875
6010 264
169 675
2123 641
1790 961
4722 549
6438 671
9746 786
7266 67
2338 8
4967 832
5014 867
6901 742
2733 334
278 629
2879 86
6325 864
4251 278
5157 18
776 806
2593 238
7191 669
5259 68
2177 429
2920 936
6737 282
2195 16
3205 396
4971 590
7541 35
1168 4
8484 116
8809 582
183 374
7741 113
2692 416
5333 596
4671 350
4215 535
5445 807
7208 82
7989 834
9680 975
6120 435
8651 528
2926 190
3560 364
5195 718
6063 826
5458 910
8465 894
1337 818
38 340
836 964
8449 648
7566 436
8792 603
1751 63
2512 941
2967 386
844 249
4198 41
6373 83
455 24
4946 616
5690 915
791 384
958 23
7200 316
9161 697
4319 424
4376 110
2288 624
5513 300
2725 297
4964 140
7295 27
9139 404
1579 580
4431 49
6537 536
6417 840
454 671
8983 742
4325 736
9618 464
4206 809
7680 189
7551 139
5136 944
3350 472
8493 511
7408 988
9286 34
1543 185
2797 573
444 59
4779 701
8658 605
3611 381
6659 75
5816 318
3404 389
6689 582
5250 112
770 568
3774 735
1940 346
3186 662
3006 241
3389 224
6201 983
6328 840
5742 665
2175 970
2810 91
9391 314
4806 975
6051 399
3881 860
7535 75
8318 695
858 947
4109 854
3622 223
3190 263
3058 341
2831 16
4868 919
136 311
4937 748
3586 208
3759 561
1275 750
2892 685
6263 400
2322 259
3325 845
6753 122
8683 23
9960 662
1346 348
8858 803
4452 628
4959 663
8756 523
8217 229
4107 504
4408 797
5109 620
1520 510
4159 644
2274 982
6952 628
7519 703
1603 290
7541 626
3801 172
2246 371
2409 896
3972 882
5905 765
6235 631
9194 169
139 683
5050 166
6045 185
2836 977
7160 677
8129 376
4371 230
3741 371
2980 486
2179 659
2898 69
520 267
5907 224
3205 211
5565 515
4583 339
2196 948
2106 142
9017 236
1737 768
9894 940
4434 632
6676 240
8525 21
7075 419
2096 169
8695 477
7080 615
1774 656
5692 842
9018 718
6722 491
6304 150
4113 95
9125 659
3322 692
775 411
3997 366
5034 374
2320 512
7031 156
8386 78
3146 845
7161 156
2570 935
3271 377
6765 679
8140 597
4960 682
2746 580
8702 952
6731 298
2343 624
6825 16
4707 597
497 228
9995 877
4966 36
223 191
4273 911
6992 366
2066 177
1707 685
85 886
9379 68
7044 236
3334 829
5845 315
9360 441
7077 234
2199 95
3435 648
8639 739
2195 419
5281 674
9176 609
7822 362
4976 498
3665 916
4374 621
7546 908
2887 582
9429 456
4913 401
8847 433
6221 873
341 972
7894 935
372 177
2223 662
8902 574
6528 843
6895 48
1417 941
9483 566
7227 416
2842 853
1900 488
6425 907
4232 442
8939 282
8638 76
646 331
4471 138
2588 967
3615 379
9034 998
8586 398
9525 513
9864 707
2638 745
6985 457
3319 799
5396 301
7807 385
9758 615
4711 128
6618 924
1515 216
2445 467
4547 760
8381 228
4705 508
6344 881
5276 858
6796 807
3214 818
3457 355
4917 161
3169 186
5938 581
5407 256
6528 218
2926 475
5054 45
4051 614
8071 80
5351 493
8030 537
5195 421
4676 681
6793 85
1927 581
4843 613
657 116
2098 30
7744 411
6789 650
8239 327
175 778
926 116
3508 217
8833 494
1567 698
7976 568
6232 296
3730 665
8918 893
243 933
4181 91
5463 345
3965 44
9117 939
451 385
3709 38
3935 923
8334 48
297 734
4606 65
8108 90
2532 948
3815 485
5569 247
6662 439
4298 557
8820 905
606 149
7276 932
2442 926
8560 205
255 53
8059 616
8621 67
5317 679
7015 846
4804 865
5267 977
8590 688
7571 766
4539 701
3803 557
1802 204
5414 895
3161 412
6494 525
9775 4
680 998
7515 711
3907 562
9741 997
220 48
2236 187
8319 886
9442 655
519 549
8389 688
5445 883
9308 862
9389 669
2197 365
7411 334
5290 260
665 265
3192 953
5008 978
8060 625
8740 91
8516 124
8794 875
13 826
3346 825
9367 528
5908 924
162 406
8584 969
187 338
1201 950
7784 788
3094 496
5459 168
674 774
5958 611
4407 827
9340 727
7359 253
4170 295
1412 361
2747 63
9017 539
5608 930
117 360
8019 717
2563 532
5436 361
2652 757
5394 352
416 653
6902 421
6437 310
4687 68
9148 152
6698 152
7970 358
3633 232
8992 967
1786 290
1631 562
7713 261
8101 485
9584 159
9126 257
1878 914
505 776
4540 862
60 881
9942 945
712 631
4065 316
6022 601
7153 116
8980 652
6617 364
8768 445
8748 487
2551 22
557 424
5858 706
9080 617
5891 12
3183 519
3212 258
7231 246
4219 318
4409 17
8987 158
2467 128
7421 698
7694 688
6294 544
1262 606
2304 625
3183 887
1648 777
3937 715
5519 699
8830 876
8861 661
9259 606
2676 678
6351 857
5821 546
6249 51
3679 85
2165 267
8542 669
3924 786
2835 674
9448 592
1209 337
7217 34
2358 435
6343 511
6968 299
7212 926
7924 868
8518 99
2005 244
5431 587
5824 953
9482 434
403 272
5770 430
2171 800
1456 376
8374 237
4280 233
9002 843
4103 447
6414 582
1434 917
1059 428
3803 8
5142 318
40 309
162 586
6816 542
6004 933
75 266
3197 827
2409 837
1302 62
310 294
6490 898
346 825
5646 931
3015 944
6536 648
2385 424
2140 547
3522 945
518 406
4596 260
278 695
6411 616
1216 793
7733 445
25 902
2628 913
6734 719
3024 874
7846 518
8259 208
5341 271
6360 633
7759 697
8822 228
3703 227
31 55
2976 579
7348 255
9358 315
5805 619
5206 426
8356 391
8695 352
4448 838
3836 243
1212 567
1209 102
1703 433
4924 729
9096 750
2061 989
1182 244
2959 262
295 989
2876 60
5894 634
9075 750
2042 322
3243 613
4002 513
3444 616
3162 3
3147 80
7546 487
2041 615
629 685
2807 15
7408 453
8598 171
3319 566
910 413
5291 559
5661 685
1112 831
1489 665
3228 528
9579 362
1961 595
1991 903
2186 570
5288 785
2794 762
1605 649
3092 541
333 81
4039 502
1501 217
333 74
8206 903
2449 260
3908 717
3017 194
3714 629
1609 884
5580 484
7701 173
2609 524
5352 297
2455 862
8714 441
7969 97
6033 381
4169 847
5805 260
8340 407
487 118
4153 973
6441 427
733 170
7683 460
7808 242
238 635
3947 93
9155 861
1079 764
1106 208
9125 552
3131 775
4283 440
8995 68
640 925
8831 599
5051 275
1492 318
5987 577
1881 70
9448 902
7205 42
3708 484
9579 497
3989 854
6171 511
5882 770
5293 852
5423 347
3671 112
3406 859
1691 896
8051 222
5413 55
8045 882
5312 983
3398 180
9144 319
4623 483
1004 491
8329 403
7859 739
2170 923
9202 314
1690 270
4569 846
1068 772
6473 221
4277 254
5568 281
1827 219
3990 805
9096 184
1985 561
5413 964
7206 481
9442 422
5557 804
6175 330
9975 116
395 399
5057 69
1087 120
4460 171
3518 967
4671 579
9595 931
4336 583
6633 502
5228 369
2198 861
7398 666
6990 887
9685 3
8758 916
7978 441
1097 161
1898 897
7905 22
5397 964
5498 740
4766 401
900 812
409 482
3353 237
3248 154
6011 681
6966 760
3459 207
680 366
7711 296
3880 528
1486 962
9554 562
4321 826
8696 915
6706 493
1264 468
7818 770
1463 684
9567 144
6787 723
2934 192
9495 358
946 469
8380 851
4800 99
5899 337
312 761
483 655
6018 602
6903 62
9336 938
2174 847
7357 497
8518 51
9832 873
1033 528
4681 794
4520 2
5273 548
627 985
9359 259
9842 362
132 8
2016 791
622 473
9343 194
9316 803
6469 330
9336 931
9079 384
5789 608
797 134
9781 492
5528 58
7537 682
2785 643
432 772
7244 742
7085 409
7035 860
3472 575
4069 404
7559 884
4675 985
3532 699
5735 833
3104 251
3695 114
4506 998
3377 506
7881 715
5503 53
1551 148
7282 530
3922 829
699 701
1419 966
9970 311
7387 131
9324 45
8558 200
2026 756
1289 695
8382 880
1167 29
435 774
98 637
8874 568
8917 611
2785 608
7829 848
5002 327
7711 628
1274 880
1524 224
6776 389
4459 993
4430 350
6446 576
1007 653
8281 296
2730 677
2969 375
3323 282
4005 9
604 311
2207 576
7143 690
4030 420
3434 293
1690 368
3582 621
7551 234
1295 306
3223 709
495 331
200 107
5950 738
9161 486
9579 20
7626 224
5266 62
4136 597
6062 649
2355 322
3957 524
6258 77
3240 55
165 906
5345 820
7789 206
1996 348
5383 162
3327 565
7330 805
9394 795
7984 842
708 112
9287 428
3756 906
4718 682
4200 352
3280 636
1729 179
3996 151
8058 543
9917 98
2640 416
7061 922
8576 397
7371 647
4900 352
5368 767
6868 781
8376 733
711 74
1288 357
7893 930
2883 770
7849 734
1841 512
9935 395
7396 53
6693 907
8063 510
5781 910
5187 229
5093 863
5655 799
3820 948
3946 107
5136 21
9195 880
6651 557
3140 463
5576 547
7320 785
4927 98
6864 645
416 39
2549 779
3324 787
4631 929
8894 244
5690 756
3107 763
9915 83
6265 395
8770 991
9584 275
5216 83
4202 944
3480 958
5445 685
6965 603
975 718
3016 777
2383 315
7191 238
2695 693
6922 788
4022 734
9546 750
941 396
8280 207
769 724
4358 665
1860 536
589 531
9602 803
5954 571
6291 469
151 635
4510 844
8709 537
3170 224
6313 906
5237 419
2858 978
7467 556
5371 528
8866 321
3829 601
2187 283
3359 510
8931 908
5315 34
6208 148
515 993
6908 148
2966 855
125 763
4387 982
8095 656
7675 710
524 625
7252 416
522 889
6807 739
7604 807
4471 944
4144 673
5866 624
5920 589
7781 554
5250 725
4382 222
8232 829
8150 437
7063 908
1150 362
5826 314
6931 821
6531 438
301 893
9876 607
8963 834
4587 925
1309 911
9596 656
4336 894
5031 720
9952 933
2964 308
763 106
570 209
2809 828
7224 665
8602 992
912 895
5747 969
7792 720
515 779
7197 506
7197 717
626 517
8168 965
9040 807
5533 875
6322 260
2462 89
4376 296
3820 625
6961 568
3905 969
3835 682
9143 607
4164 45
3709 929
4454 972
1053 214
2179 35
2137 830
2437 39
1570 819
6006 984
86 938
7164 874
5225 17
925 423
7242 990
5978 402
569 856
9883 142
9027 485
4810 924
7752 875
1810 356
6930 201
652 793
131 380
6524 494
5806 839
5161 534
7260 658
4875 132
7521 798
584 312
2774 182
9296 977
695 246
9318 536
9578 618
717 795
386 322
5046 274
8973 290
4499 387
7130 622
9563 4
7197 383
8489 596
9183 373
1579 804
8863 578
5179 274
7826 846
1960 505
4787 669
2448 106
6364 938
250 58
6951 150
9355 379
5264 530
199 73
7148 58
2051 718
8353 367
7672 730
4350 84
696 132
1413 787
9471 76
7764 763
7374 380
5191 459
5055 125
8994 644
953 969
2973 790
4000 213
4129 774
9183 227
8652 261
1341 902
6039 519
3366 656
8253 631
4528 351
6629 751
6969 965
2608 598
5651 853
962 40
3925 972
2884 286
5810 823
6537 532
4347 415
5330 301
8005 722
709 702
8635 957
1018 916
2773 314
8400 391
8399 897
6272 684
7462 823
4951 659
6258 602
5328 746
7492 597
6100 684
4261 238
7204 575
1184 988
4532 787
4793 473
8822 408
405 497
6062 894
36 186
1031 688
4312 158
336 128
5409 356
8383 160
1236 700
2971 587
3896 347
5042 799
6355 827
6344 991
2501 658
5655 606
205 682
3355 476
7348 440
2503 418
2547 489
4094 523
4732 102
4392 658
3515 882
5848 46
5349 395
8240 34
6036 327
6427 258
7144 50
1736 880
6477 990
2117 74
6484 150
1738 475
7198 829
69 600
3633 432
8044 257
8074 823
2082 305
8848 86
1135 397
2669 25
120 342
3502 525
6569 261
2328 173
2802 498
9121 619
5865 71
9038 564
7838 781
2494 573
9251 873
4326 265
2551 601
1279 595
7094 355
8529 680
456 946
6596 781
2696 323
9984 485
1309 604
4684 702
7974 859
3404 87
349 576
3632 521
9717 940
4290 945
1119 65
9372 841
4517 508
1789 748
8883 196
2650 852
415 756
7172 285
401 978
2291 116
3203 241
816 308
7494 575
56 543
1288 604
5553 631
9887 947
3956 669
7726 113
9259 195
5910 980
7804 886
1604 581
7445 443
54 949
5041 738
3615 23
510 16
9620 887
4618 564
5290 947
7754 691
6125 516
454 831
3671 295
5252 598
3687 380
9499 667
9809 221
9107 452
478 524
4847 838
5939 57
321 482
6827 958
8383 55
3129 377
2674 591
3981 119
3109 226
6962 237
5571 484
3936 770
8649 414
7900 756
8283 410
5101 214
5 610
9560 549
1278 664
4186 688
5920 668
2377 434
2215 262
4492 611
9251 864
1107 197
2679 891
20 695
9577 95
5672 88
8956 759
9968 221
6340 383
442 431
8883 654
1537 635
7332 334
9328 945
804 301
8917 600
1193 999
5483 531
7814 152
9667 339
7978 748
609 766
7836 750
7522 436
684 338
5055 191
9363 478
5551 383
5590 594
194 683
414 108
8181 182
6660 102
2022 459
1657 105
4615 527
8522 795
7201 360
3974 140
5165 463
6498 594
8320 115
1068 375
588 347
12 753
6739 309
2792 946
248 532
4650 379
7201 339
6556 21
7847 274
9638 905
7418 408
8248 558
4070 796
9332 207
9920 135
6647 216
1420 716
676 173
1892 984
9024 285
2913 203
7949 435
3615 776
1943 790
6160 822
4419 253
963 690
6901 207
4290 561
8151 511
4005 537
3704 963
9032 674
6820 26
5746 169
727 149
4648 153
6461 461
9357 506
2237 79
4919 682
5516 885
1408 399
5713 391
3796 547
1507 559
8948 133
7627 504
9525 146
1909 567
5531 981
5815 489
4148 175
6399 602
8595 179
8429 980
9394 106
6744 953
6906 525
333 566
5373 510
8538 999
4310 903
1398 674
8467 108
4547 965
6968 912
2937 140
6529 714
9892 276
5343 890
6167 930
1468 902
6125 760
3109 111
2142 836
6026 986
9657 181
2958 219
8001 545
41 75
4468 456
3392 856
4606 987
6129 419
5316 200
3182 895
5322 436
9080 113
4081 840
7748 767
5938 699
5894 615
348 782
8099 566
7747 706
1360 987
7078 426
8806 838
6858 132
934 175
803 880
2762 320
7777 170
4771 411
842 665
6617 937
8490 555
8072 461
5029 305
8058 273
5805 909
6743 847
2598 936
533 379
475 125
5349 736
4415 24
1047 881
3841 608
3236 818
4230 690
1587 141
2155 941
9715 181
5053 168
2074 932
5782 872
6237 555
3829 85
2570 627
8664 513
9978 951
3451 388
2095 505
6915 601
4612 261
1432 571
2305 197
9273 539
6684 882
2624 455
547 291
7375 262
7254 754
9111 810
9039 850
1902 643
9614 894
5637 134
6509 527
5517 539
539 58
5346 739
8367 390
1858 723
7918 223
5184 4
1523 955
9633 329
2738 553
8420 964
8619 593
4347 72
4824 593
7127 674
6662 212
5699 353
2535 23
7722 372
5611 325
1314 93
6887 856
1479 340
2876 650
3235 520
5081 819
3119 386
1618 329
3651 183
9914 424
5081 357
9207 185
6821 964
8922 819
9125 469
695 738
1548 103
7197 702
6572 22
4831 299
7341 708
5710 301
1362 129
5630 946
1142 523
4151 461
5843 465
2387 486
8674 199
1101 403
9753 24
1010 918
7252 173
2486 180
206 872
7196 979
7785 129
1560 155
8862 955
7771 434
1700 819
8220 594
8149 956
2608 411
1145 215
2490 76
9161 798
2567 653
3477 332
2038 558
6312 148
3339 135
4384 583
8329 314
2059 561
4169 770
5187 614
7050 32
2011 16
2828 951
7704 84
1758 107
1919 774
2245 725
6549 906
3740 195
4299 53
4445 357
9325 199
4536 5
6044 244
8144 2
9741 582
1506 416
8508 300
9537 643
4553 247
1340 374
7162 7
2653 1000
7148 521
3313 451
2150 834
771 212
6394 377
7224 96
9998 968
4275 52
1692 756
2650 38
6330 459
2924 725
9966 942
8737 968
6557 387
2122 204
8757 1000
8003 387
3832 869
8112 362
1080 972
7316 17
1096 372
4100 173
2918 691
5632 198
8160 720
9236 979
1722 147
1397 198
9342 572
4962 766
3032 296
2690 574
4291 158
9204 844
2803 406
2406 665
6878 846
3409 613
4411 395
5226 933
8233 288
3481 676
8744 908
4490 891
7336 443
9089 157
7052 316
3365 13
7272 262
73 283
9403 144
2865 108
3996 944
5602 295
2303 440
9793 868
6852 330
8915 314
3383 256
4268 307
8414 501
2865 524
3591 309
7244 697
6353 487
3682 658
1815 23
5433 743
555 791
4951 567
8010 31
8544 12
2956 480
7954 758
39 919
4169 626
9730 518
1511 418
8512 797
2345 433
6952 382
4048 25
2589 438
2776 121
334 111
8705 290
3947 306
6691 12
9405 187
5120 568
6855 641
4926 441
5198 829
725 568
8067 47
7012 865
1364 135
4723 663
1276 811
7380 626
1252 32
9658 518
3768 702
4858 408
617 622
3760 947
5191 555
1424 611
2672 92
7745 553
1516 175
4617 575
4696 661
7905 329
2529 284
7300 713
5720 445
716 246
892 190
3422 735
6907 670
2000 2000
2744 700
2249 887
1548 618
2853 714
4904 648
9565 402
2046 338
9461 927
7993 947
338 557
1940 767
8013 878
7863 648
9801 316
503 870
2258 597
2703 516
1585 31
6748 482
8134 742
543 367
4588 849
4040 473
6468 44
6227 384
5739 339
7777 873
8604 756
6318 355
9268 731
5555 943
6039 603
2877 872
171 767
216 650
4423 117
3899 69
2768 727
9740 23
2747 273
5784 547
6375 372
7879 880
2190 642
9022 927
9595 210
2940 990
7923 805
3545 764
9859 780
2059 494
7537 176
1206 400
6274 650
8816 811
2924 881
6797 506
3418 365
6078 450
6646 822
8238 107
2144 412
1985 954
299 181
7325 166
4306 810
3210 666
2421 699
3786 538
2911 239
4244 983
8050 263
636 252
1508 265
4772 500
4545 397
3137 384
3714 156
2154 751
8071 230
4754 686
9937 692
9514 841
9788 426
1191 781
9196 394
3986 848
9977 279
8699 517
596 32
1583 25
905 692
1302 258
857 688
1034 685
349 759
8237 984
9897 386
2398 500
5726 941
7760 920
4568 190
2053 725
7161 573
20 467
5062 228
734 367
6868 505
8353 275
9502 353
7197 858
3351 500
3156 940
9695 549
9498 8
7787 255
9198 874
9061 323
5878 58
4735 635
4082 468
5110 946
8723 247
3449 1
6401 688
6228 955
6862 51
2266 371
2357 365
6176 615
816 791
5796 891
4396 162
7556 43
7035 828
8592 288
4946 752
9485 171
319 976
7875 153
7312 494
1214 193
4713 195
9362 513
2892 224
7189 431
7939 935
9056 646
3117 775
9105 12
2615 782
9393 638
2753 109
3846 232
7420 288
5595 801
5090 341
841 141
8275 672
3324 922
6096 574
177 986
1266 577
493 369
8865 655
122 956
3977 131
5863 407
4050 319
1170 566
2355 145
3747 585
2358 875
8821 644
5099 558
8866 247
788 506
1896 285
2472 717
9781 53
5719 675
7990 883
988 337
1600 472
6572 721
3790 81
7439 220
4554 512
1263 676
1153 730
3761 491
393 60
4571 152
1998 669
3097 442
4704 803
3524 120
555 83
307 937
5106 163
9092 17
2941 832
4156 692
6999 47
3374 452
9925 853
8605 947
8574 46
797 97
6196 872
540 503
842 15
2499 969
6881 881
6146 383
9907 931
7372 312
9329 913
5224 485
193 180
7294 313
9363 962
6829 194
3163 690
1754 606
6439 299
5289 932
1359 596
2112 212
6715 865
9745 681
8481 313
7496 834
1867 938
9322 539
252 502
6900 739
4236 184
3584 56
5942 753
2625 754
4798 519
2470 484
2884 683
3623 491
4162 789
7113 35
7381 504
3606 829
2732 502
325 767
3808 342
8562 265
4423 960
1752 20
5340 819
750 458
2097 948
2853 304
2216 657
9100 497
3947 507
2748 800
2212 428
8843 422
1418 518
8156 303
5303 336
3199 248
5306 421
5241 111
495 76
3584 704
671 79
7055 617
6661 552
2674 553
3661 922
2440 307
2628 714
334 967
1324 666
3090 13
6061 829
5051 176
9278 925
32 213
3163 942
8917 463
2080 349
8415 354
474 613
9170 286
9859 672
4177 957
6713 974
5370 623
1275 823
6637 825
2127 578
3797 516
8818 167
4705 153
6087 652
7226 175
7010 386
2133 773
1875 104
2813 785
6141 191
6401 317
7478 717
9443 933
4584 536
5461 240
191 300
8780 802
2089 514
8542 68
9396 154
2443 721
6165 472
6919 769
9052 650
6647 845
1465 647
9145 725
5742 928
5873 758
8101 143
6812 66
5523 752
2372 603
4271 662
3784 972
8957 248
5520 599
6135 743
3851 152
2389 716
5794 260
1706 362
3897 846
6668 4
1989 224
6479 94
8855 947
7103 636
3878 123
6386 62
368 480
256 112
9908 847
3043 762
867 741
834 545
9920 24
6357 589
5538 545
5540 252
6240 358
9284 530
2121 667
5842 920
3738 234
298 219
2420 126
652 237
904 490
5555 511
3741 99
2502 986
748 232
3664 883
7495 62
4384 151
4078 240
1734 157
348 287
1134 753
5867 827
515 612
6520 517
1053 55
8602 475
8376 430
7426 591
346 297
713 79
2260 157
3699 119
666 150
8875 929
318 758
6438 391
2349 538
7430 155
3527 67
1498 465
5705 241
1545 142
1253 830
6269 502
7781 541
3316 17
3736 892
8743 650
9334 938
2422 962
2743 344
7777 482
8158 916
6811 543
6771 580
3288 42
2355 472
4998 886
2835 366
3623 595
8699 297
7744 768
7178 136
2229 893
5668 212
6627 578
6387 444
5186 48
5796 970
988 158
1154 250
496 940
4288 340
2578 193
5431 251
1217 418
4437 864
3905 604
9636 582
3042 375
1533 301
3071 721
1339 934
8581 761
9161 767
1574 646
1026 690
70 964
5407 153
2581 145
2690 279
6697 599
2704 385
685 447
5703 201
7808 1
5886 116
1100 882
1865 424
9897 746
4168 288
1010 664
2035 1000
1905 560
3867 474
2829 212
197 425
4392 258
8545 28
3539 246
4002 460
4180 697
931 721
9201 928
6658 705
2288 125
176 278
9095 354
1416 508
1739 649
22 596
7051 214
2352 334
3696 700
6430 41
8531 116
3623 904
1466 404
2124 100
9681 32
9601 846
2080 428
3762 468
3361 48
3398 734
6055 365
5440 880
9026 47
4921 742
3668 748
3151 760
742 515
4999 795
9459 248
9412 236
7042 817
1679 911
6249 978
7801 762
8964 573
700 38
8689 427
7350 480
908 725
1876 878
772 436
2920 527
2779 888
2233 983
2886 117
4994 304
4823 839
8664 475
5405 515
5444 870
5867 46
8658 893
2829 453
9863 697
5156 738
3229 234
5923 748
7601 987
3849 304
7510 409
8724 879
2694 189
4430 905
9386 412
3109 492
8246 343
1557 338
2284 911
8116 797
3792 428
5439 852
5828 276
7890 933
1058 951
2449 8
6143 316
4034 858
1061 569
5339 993
4101 83
7179 371
7258 138
9516 270
8665 25
8875 43
4697 852
7196 166
2183 202
4081 449
9440 294
1586 270
7170 482
8725 609
2940 716
4392 299
4213 345
4748 929
6682 222
6610 796
1835 847
507 987
6228 294
7735 118
741 391
7117 587
9587 848
5182 571
1332 805
4659 583
4076 670
1999 491
6484 616
1346 948
3848 748
543 465
3452 126
4076 396
6020 208
5324 32
2220 847
170 866
692 19
9741 947
6823 608
2836 629
253 250
7326 498
8952 129
3135 322
927 895
5330 201
5014 224
5711 510
6339 688
7175 703
2642 44
6380 689
4813 581
3465 789
7122 555
2132 454
5445 609
4083 722
5244 322
9617 441
1779 679
1315 650
6175 47
554 206
5370 69
6294 601
1676 340
8538 883
8398 736
3664 589
1707 763
1652 164
4529 493
4234 247
1692 750
6133 854
5674 676
2473 910
7465 578
3304 867
2448 473
1067 794
3664 581
8509 712
4415 138
8933 139
8842 653
2020 827
4928 474
7531 801
190 349
9596 755
2844 917
4014 445
2896 385
118 96
5937 543
510 453
4367 274
3272 44
3930 772
7031 812
3047 952
5898 436
7862 571
1335 464
2594 411
8228 651
2792 495
907 752
4749 439
5138 971
3781 984
1868 307
5983 498
677 571
8846 615
7457 405
1048 477
1626 29
4687 300
427 78
8943 881
4071 794
5305 375
4658 18
873 136
6646 174
42 218
929 466
7173 983
3975 899
5466 783
1154 784
9526 541
829 539
1240 37
5354 360
9078 153
3596 645
9921 559
3348 511
6229 209
8862 194
1701 445
7082 283
8741 368
8283 86
9609 984
6257 616
7718 653
7383 62
8041 230
3880 594
2160 190
9706 209
10000 845
3386 40
1353 663
1400 629
9534 231
5943 445
6164 816
8833 739
5404 343
4169 812
2166 802
1128 646
8218 385
9277 816
9084 911
3 316
4598 352
3312 933
8567 618
5777 761
5398 380
2663 620
6569 236
5165 464
4475 936
4445 958
937 365
4289 697
5036 504
9549 366
8710 231
8830 105
6161 535
8581 761
7409 73
5076 829
6598 95
7566 247
887 830
8575 752
6279 671
2545 316
1580 771
4306 531
5019 100
3221 874
1010 778
7384 683
6980 973
852 914
194 9
1178 779
5200 870
8723 823
6357 210
7257 823
9957 373
9623 464
1364 747
1423 881
4914 40
1800 831
1933 439
356 737
4537 382
9981 697
7808 861
4758 241
4978 328
2010 574
6250 786
4821 586
8513 830
9406 923
2730 28
912 751
8647 575
7117 136
4532 633
6238 18
3925 356
4296 906
1497 861
9308 715
7298 763
3471 751
8077 668
8268 856
3029 193
1424 578
6990 313
134 530
4550 900
8473 495
3933 292
4754 307
1983 232
3120 113
8584 733
9837 635
8261 442
7276 707
1019 709
3480 457
4612 872
5091 132
7530 762
6450 525
2515 322
42 130
247 525
9307 548
7657 273
9650 459
6658 595
8349 490
909 563
2100 887
5462 43
5631 432
2907 957
6320 817
316 833
4716 640
5976 175
714 598
1675 549
9912 3
7077 693
7251 393
8018 638
2696 810
208 633
8697 325
9146 517
4695 853
7261 899
1676 419
2366 840
4910 64
6426 493
1002 708
2932 388
8345 654
8303 650
3441 778
2865 645
8159 387
208 356
4690 798
8464 436
1099 150
6164 470
6579 827
1604 334
8460 353
9445 267
3617 973
547 148
4979 336
5597 247
2087 279
1987 280
8549 510
3270 898
8293 413
1481 312
2557 411
1291 772
7134 684
9900 986
7251 257
1486 347
461 915
8230 502
883 707
738 976
6900 357
7786 488
3213 76
483 3
8946 684
8575 80
6184 168
6640 862
1839 982
1305 657
8519 413
4951 583
7221 726
1783 717
4240 828
2697 837
4886 632
2545 444
852 12
3670 414
4440 69
3251 474
9163 230
9111 865
8038 990
177 282
1588 541
3508 73
9226 646
4000 335
5831 263
1366 377
7158 313
7174 186
3957 345
3879 563
4832 668
1561 972
4400 608
4859 386
6660 833
7821 603
3407 63
8569 28
9521 841
9984 806
8459 866
1628 754
3772 758
9105 880
3590 530
5249 939
5126 467
1840 285
6837 858
3118 313
4400 477
91 387
3557 834
955 150
9735 708
2090 203
6460 725
8453 270
7998 793
293 975
9376 657
3867 951
9798 603
1484 430
8328 549
7670 777
8045 405
6089 495
9124 835
3654 826
3087 846
6921 645
8147 567
6422 921
8728 866
5386 861
905 327
6846 737
524 577
3116 224
3999 885
1561 799
1648 834
516 58
6828 706
1843 852
3157 47
1594 989
45 137
3427 995
8545 424
3516 17
8442 802
9469 941
1115 993
6445 896
5411 63
6115 932
8118 572
1016 324
3139 954
6038 952
2035 447
8978 246
5017 630
4191 331
695 950
4749 836
7792 215
8038 252
6640 380
4386 583
7923 334
5626 35
2876 372
8348 613
1126 214
2511 880
6560 548
6210 716
2581 518
7724 367
7743 445
8259 776
6941 449
5954 857
196 505
8809 983
4816 147
8887 847
7634 675
9687 626
2347 402
6488 613
1684 593
6178 686
7921 514
3756 785
5771 39
2081 422
8139 36
9976 687
1844 930
1848 502
9540 620
1870 561
5827 236
9264 818
3279 847
4166 877
9381 140
2308 828
5819 830
1982 569
6135 627
7915 146
4625 434
4963 42
1436 642
8232 220
1650 525
4177 53
685 690
5771 157
2366 561
4069 411
6219 212
2674 344
8073 989
8704 406
5217 480
6347 298
1522 23
5168 257
6372 807
7601 105
7907 509
873 45
7013 309
5841 913
4988 461
2217 74
5706 132
4994 54
619 731
2504 478
4570 614
2667 870
7635 43
1167 483
2755 755
9949 202
7713 41
8289 149
1506 458
6969 265
2833 476
2677 736
5198 231
9356 381
5394 402
3930 201
7427 384
5655 25
8138 184
6645 42
9165 892
8781 745
5040 708
677 504
7014 301
3154 681
1025 558
2773 477
3148 15
6690 844
1229 446
3307 675
1679 839
8798 871
8960 117
9960 782
7226 981
1088 136
1312 913
3547 958
9033 813
8282 581
8263 785
3654 128
5588 230
7490 408
8332 378
4865 973
2701 809
96 650
3971 371
1337 981
7302 888
2631 836
3257 912
2859 558
4502 347
4748 609
9955 438
9121 228
6508 575
7609 514
8764 29
7684 900
8572 697
3191 955
9601 791
6842 443
2645 325
4145 525
280 444
5734 6
385 242
6518 492
7319 448
1711 823
5717 640
8536 985
3618 2
2707 10
2736 89
4031 714
5847 358
219 707
9374 248
1538 680
5329 222
5494 20
2304 264
6932 234
4424 901
1115 359
3001 554
8035 674
8734 361
5480 658
4559 850
8766 394
2680 957
4013 335
9050 402
6464 393
3197 952
8336 215
8155 212
7720 324
7887 595
1219 512
2714 118
4491 103
7134 776
925 938
1025 424
9264 447
7806 904
5440 751
8533 896
6265 123
5533 329
3344 509
1547 828
3760 550
2226 899
1766 200
7456 284
2290 506
8235 542
8315 235
1936 952
6571 860
1201 543
7409 678
1528 442
4033 223
5378 169
1414 12
8375 16
1715 542
2024 265
8052 673
133 634
1473 699
4592 642
2560 470
9896 913
1275 420
2127 958
7070 293
7260 159
6425 391
4648 148
5808 108
504 690
2891 272
4044 304
4073 969
7752 773
8512 797
7731 613
360 564
3125 420
4956 300
2863 65
4114 254
7737 831
8752 420
6109 845
9829 782
7131 263
3104 390
3796 508
7104 781
8981 943
3809 185
9955 214
488 747
9271 458
3801 29
465 890
1566 709
2087 388
2945 247
7764 490
8851 868
1803 869
915 616
5354 327
8710 701
6085 247
8674 374
4942 370
7261 478
5267 129
2979 252
7301 946
9215 161
9943 859
5592 942
6278 457
8033 770
5024 425
8857 40
9436 321
1866 282
1944 257
5582 877
4263 735
1935 357
5819 253
899 9
5503 456
2261 422
9017 464
8887 190
2015 551
2365 213
1878 944
4226 128
8152 194
3864 940
4455 471
5015 3
2899 396
1854 236
9702 113
3109 930
8476 433
6321 607
1418 400
7343 477
2369 856
9817 77
5365 877
5699 750
205 878
7843 983
6811 685
2998 566
3601 248
9250 849
2760 259
7610 812
2543 212
9237 197
5083 692
9888 244
5179 630
9568 754
236 400
8115 908
85 683
7912 62
7242 980
9116 621
8877 255
7820 822
7650 397
6297 572
8842 6
4636 776
4963 301
4112 683
4468 333
8050 843
4489 840
8624 614
5399 759
5472 258
4611 338
2391 309
2878 919
1087 37
7799 144
7626 750
9629 119
5370 137
248 599
828 46
1980 27
6690 183
7265 10
4040 439
5868 291
7494 442
4404 215
2323 710
8604 935
3562 839
871 228
6673 414
12 964
2751 299
8862 17
9942 622
6444 14
8287 647
3136 342
7549 669
1061 248
8606 106
95 827
2290 392
9295 445
3515 563
1092 71
4310 283
5055 448
2177 320
3237 916
6518 956
8340 365
884 543
3073 946
4875 757
2002 761
1147 29
9382 431
3883 600
7771 570
9523 945
97 253
9599 756
1018 223
6621 328
1270 298
3337 433
1061 26
3484 372
2887 918
1577 135
3154 786
5157 105
1384 923
5230 567
504 647
1262 731
2416 71
3269 104
6688 600
2257 418
5707 307
6556 528
9562 670
3334 565
9314 750
6299 248
3281 617
2013 943
2767 127
3546 404
4810 299
6400 668
7380 916
8127 500
1628 847
1048 447
3517 902
7791 685
6034 531
2167 357
1195 262
1963 186
5081 391
8253 276
8855 498
935 173
2543 455
3729 95
2117 982
9925 572
3655 385
8437 317
1568 149
2524 551
1754 829
5175 84
8601 817
6802 122
858 545
5984 998
4006 817
3611 371
1796 368
9550 745
2139 413
760 257
9138 994
431 450
6043 812
9519 371
2338 754
4335 562
5722 849
8876 724
7501 319
8235 869
8488 603
386 117
4042 177
8261 699
9286 196
4307 481
2732 653
7056 562
6415 226
1679 980
9829 766
6389 907
6318 434
8459 643
4646 780
8742 726
4725 703
3408 301
3280 484
2294 111
4691 623
9400 515
327 207
4997 393
6569 605
1194 737
9002 243
3497 873
4069 52
3538 339
3917 430
8199 984
2470 535
2984 975
3742 311
3550 403
8433 679
9667 77
7175 557
8296 204
935 509
3633 604
8432 419
5396 481
3041 429
1546 181
1700 701
3395 791
2120 993
352 197
9536 198
1319 903
7017 344
1208 191
8090 704
3707 376
7537 456
1499 918
5754 671
5116 994
2799 853
9814 937
2433 337
7782 895
8642 4
1340 588
7806 629
3526 149
2788 734
3542 40
8458 852
8238 645
8693 797
8781 437
8453 336
75 12
9873 365
1997 6
9725 770
6105 437
5420 538
7956 818
2761 536
5243 651
8278 666
1867 62
5765 216
6752 945
3411 713
1061 11
5456 999
7265 810
2482 570
5546 27
4997 582
9897 344
7835 907
8911 431
8480 857
2644 834
4679 151
3528 974
6695 356
5023 325
8716 139
5584 972
7629 869
7779 633
1776 330
170 269
1108 409
9926 779
3402 468
8652 343
4316 125
1730 305
2616 273
2505 756
6657 465
1789 298
3011 358
3093 140
6962 130
1589 416
5496 200
3096 448
6599 88
8088 932
7770 747
9652 442
5887 876
8221 491
7756 393
1809 191
261 858
1175 421
2179 754
4265 345
7241 732
9824 620
5719 649
5268 806
8410 492
886 169
3964 212
9796 75
7197 197
1726 472
8562 940
5146 271
5272 740
1724 955
5549 556
6681 65
8318 245
4208 439
303 322
565 331
6592 644
9914 850
2795 185
3501 972
3345 76
2666 594
9640 17
9763 137
4064 64
7959 847
6582 1000
4098 472
9873 12
4678 951
3302 492
4482 682
1517 417
3041 288
1822 114
4043 208
4919 572
516 323
6657 605
1898 294
5457 122
2858 83
3598 482
3701 206
401 573
216 788
8167 446
1185 529
7778 998
8314 204
187 609
214 850
6541 421
8737 122
7318 592
5777 539
110 374
3667 200
8568 784
181 813
2159 362
6944 483
5200 292
8784 820
657 779
8888 612
6665 197
9625 860
6504 402
5193 800
8326 378
491 881
2576 732
4756 935
9591 826
214 919
2954 157
3445 758
28 89
270 674
4523 489
7122 658
5412 667
9602 948
4543 437
4441 462
2818 138
3861 670
3467 643
2188 312
299 823
5798 154
4759 598
1241 303
6220 865
3896 469
505 978
8547 879
8178 160
4629 536
4180 706
6932 403
2954 189
3714 254
5385 268
5782 633
9685 843
7313 290
3530 977
817 622
8297 291
3304 240
7930 363
5685 296
7813 240
6594 908
8434 297
8251 230
3779 748
1508 309
9193 877
3490 52
4794 300
3371 480
3372 284
749 24
4760 975
8405 165
1363 267
6753 604
7750 162
3106 940
9458 532
9206 675
7109 519
9905 722
5958 869
1739 491
4148 295
7226 698
6329 702
2034 72
9093 3
3321 472
398 214
6584 623
3991 844
7660 269
7570 13
383 898
7271 96
6500 400
4858 479
338 320
9873 965
8752 353
7563 899
7987 82
590 285
9550 139
7458 670
4749 770
664 270
9389 724
6283 226
5691 405
7410 733
4044 234
4476 391
9102 162
9001 999
4727 734
389 181
4895 908
620 692
5826 954
8886 627
8069 875
2758 351
7686 736
5421 600
9337 61
3311 489
748 740
6740 781
5051 270
6859 579
6409 508
6480 970
2781 901
7469 740
9755 586
7277 830
8656 171
3331 434
4793 165
124 694
9751 264
544 302
941 12
7506 494
9808 667
6503 706
6157 216
7047 570
8837 20
1291 95
5931 468
3005 732
9891 422
9633 149
6586 237
2409 232
860 733
1461 504
6261 506
9779 492
1127 225
6006 89
357 88
5114 793
8946 690
1939 766
7428 687
1159 145
4979 298
5292 381
7240 643
8307 982
1167 162
610 385
9879 841
2131 326
6704 609
7124 382
2777 356
3601 87
8341 119
7962 732
3127 53
5080 40
9438 372
1832 77
1933 226
1974 472
9206 427
4959 386
9083 189
812 923
7474 956
4419 870
9616 658
8166 32
8361 161
361 29
2795 834
3897 611
367 642
7073 233
9760 167
1875 991
245 84
1846 492
7165 44
8881 54
2039 352
2593 288
5532 181
8963 384
2659 626
9435 345
7497 244
1712 880
3618 422
8962 418
6196 606
1034 123
2100 568
9904 555
3721 512
8044 686
5787 999
1308 686
6699 318
4410 797
2275 412
4331 369
8835 809
6192 561
7538 468
8764 676
5219 449
5575 921
8407 433
7892 90
6522 683
3710 795
1499 768
4884 453
9295 76
2039 283
2535 63
235 870
2561 265
6549 301
8482 448
7749 649
5916 179
5790 3
8723 556
9263 231
7603 872
4123 992
6804 692
6735 174
4096 881
9745 592
767 829
8590 699
2600 802
6133 522
1032 252
6550 756
2106 824
5240 51
180 462
6573 315
8756 29
2933 652
9604 467
3827 546
8690 490
2855 683
4497 91
2843 541
5883 724
5980 892
2466 605
5784 812
880 968
3434 343
3702 568
9176 691
4390 29
322 949
3223 292
5089 51
7228 734
2955 883
4309 374
4321 580
4051 814
2541 981
4470 449
3885 774
1889 872
9886 325
7501 234
8861 598
6603 759
5091 765
1759 554
1901 820
1058 358
7351 171
7884 671
7108 525
9201 343
6755 123
4890 327
7435 498
5470 53
7006 21
874 839
4150 629
4003 381
6364 855
490 874
2000 2000
6399 573
8730 206
8470 17
9221 921
58 578
4706 748
648 369
3132 42
288 521
3640 742
5309 243
1499 393
7705 933
299 635
8173 609
1078 36
4849 307
3440 599
8891 793
5520 786
1812 205
4370 838
2205 531
1505 230
3823 851
6511 29
4223 202
7016 614
4880 353
7202 179
7459 644
7394 198
6776 2
4363 184
8839 528
1604 396
783 597
3885 587
7277 832
7102 110
3264 248
812 805
2957 61
7730 700
2190 406
7872 196
3425 567
6874 331
5942 951
7507 982
2451 284
7171 374
4823 528
7111 107
1150 614
4161 837
8050 426
6304 300
3162 158
6370 671
7732 983
7786 495
6534 759
5033 747
3196 12
9979 304
1500 477
4707 170
4042 685
8153 365
4699 281
664 621
7707 148
1854 456
4827 867
3272 732
1513 436
8997 375
8141 572
1320 850
9795 295
8819 692
428 143
8587 583
7758 660
5285 578
3829 698
1694 82
8237 804
1655 650
2922 16
7305 54
1322 100
3814 807
2565 967
7298 354
5908 375
3035 51
4788 651
575 354
1909 124
9338 542
372 809
5641 465
1931 480
7612 556
6098 848
765 681
1685 234
8467 48
2431 616
6156 718
1928 584
479 800
3967 781
8847 95
6258 583
9959 189
3309 726
634 30
4440 730
3744 507
3488 526
7983 167
7424 931
9353 856
2446 8
8056 292
4913 402
6761 333
879 657
9244 495
8376 265
1714 589
803 79
8117 504
7825 163
9424 638
1099 649
8092 910
983 404
2038 296
51 691
6267 416
7828 660
6147 416
8896 677
6994 623
5860 38
5312 709
6945 825
883 713
4300 225
1513 64
8038 840
1866 22
4953 65
5868 863
2814 9
3016 524
8582 285
2056 923
3188 960
2081 215
3403 259
4940 884
2591 76
7907 664
3513 502
1966 409
8036 726
1967 37
1302 339
3197 320
5860 626
3432 423
2968 901
2263 203
9228 518
4196 319
732 582
4969 92
613 751
4081 379
4338 728
3851 6
9456 530
7899 973
7482 398
1269 182
5882 248
2196 323
4242 572
4570 633
1084 867
2574 467
3652 365
5624 301
4715 409
331 629
9159 982
3472 941
5661 647
6136 763
5236 642
7997 522
91 743
5883 871
1609 86
3018 984
1432 815
2788 758
9501 586
493 171
2748 99
2677 820
9472 446
605 268
165 99
4068 615
6920 943
5868 307
9514 421
7335 766
6716 307
1725 531
4999 575
6179 988
9821 14
818 122
1783 241
4723 840
3065 405
3746 835
6292 916
9247 336
680 586
3489 562
5590 219
5296 675
1252 750
9934 1000
2869 530
727 862
9980 118
4056 997
3105 726
9487 862
3755 742
8621 511
7133 297
6710 203
4118 114
3820 560
4484 792
6980 473
9678 321
6592 455
8302 822
630 513
8686 40
2648 97
1820 278
4449 933
7302 852
2349 568
71 631
1973 898
5877 228
8185 284
9683 209
1820 704
9140 321
9829 941
7066 701
3323 538
3391 694
9943 824
8925 142
2631 977
490 583
6274 251
2971 690
1108 704
7725 93
6264 934
1531 395
2840 70
491 81
6273 222
3633 101
8175 150
7676 891
8275 695
5237 740
2668 792
4816 691
5154 353
2539 579
6671 174
9440 792
8116 803
2969 108
4037 664
8343 82
5 13
9238 100
1649 327
5611 58
6654 792
9162 657
5513 652
9577 354
3886 703
9761 173
6731 983
930 358
1484 196
2100 421
4128 342
2829 528
8991 482
1840 602
7303 38
6816 395
3357 219
120 252
526 618
9797 876
2125 706
9829 669
4216 393
5301 629
450 20
2158 601
6560 541
5854 429
4632 309
6993 901
2771 603
4194 516
162 422
155 585
9401 962
3528 796
921 803
9763 752
6192 991
9699 854
7807 492
8832 888
6193 487
4831 493
3491 9
3095 791
9022 686
1313 494
4806 564
3289 606
9803 512
3378 363
7656 158
4404 264
5963 814
6306 774
9120 1
9084 227
11 875
603 141
4092 278
5528 320
2133 619
8558 975
9934 645
9818 713
9287 579
8560 119
4123 693
5001 86
1274 957
5302 500
661 653
8712 804
7012 831
2368 52
6115 516
2824 932
6809 413
1180 214
1106 289
4998 434
117 411
1069 843
1011 682
1287 469
1239 748
857 579
9797 828
430 786
4449 836
6352 466
2276 114
6771 203
2291 688
2670 53
4307 629
9643 844
4383 647
1978 611
2424 705
8260 323
6399 296
7054 264
9735 916
5766 212
7537 149
6612 555
320 495
8656 882
2853 129
1188 76
1247 451
2634 864
4265 179
2087 473
3564 127
9736 545
5968 834
6244 497
33 384
8451 603
1530 741
4635 581
2178 41
5471 425
9883 504
2484 270
1484 295
391 57
3178 988
6982 243
4135 525
6441 587
5453 103
8012 800
7690 156
3804 186
3642 673
106 138
9302 73
6983 942
9318 750
8550 642
136 504
7349 38
37 700
346 289
9115 426
7124 777
576 675
930 916
9839 526
9857 384
7839 398
9635 817
5047 865
5030 245
979 119
7364 704
8235 546
3360 623
7256 426
8528 76
7184 959
5892 730
8173 622
7308 354
5411 605
8870 420
9134 496
6436 646
8338 891
8928 95
8680 431
4255 587
8764 711
1893 948
6440 329
3897 749
6297 968
9773 576
8677 130
1466 684
7965 351
7823 620
4686 930
4590 793
2668 109
7308 346
1553 514
106 130
3710 881
6600 980
8581 924
5178 354
4813 79
2369 30
1330 123
314 871
4092 669
7458 651
6394 341
1469 680
4053 90
2430 423
2769 149
7029 747
5277 285
2498 198
2215 51
8375 573
4529 67
7563 724
5708 202
1424 163
8885 412
9474 894
9221 185
6982 382
9582 651
6943 984
8499 365
6989 101
8509 531
2644 732
9268 186
1533 874
7497 458
7870 915
3047 100
2077 997
5061 282
2841 474
5502 815
999 932
663 540
8349 132
6815 172
6729 81
4693 381
7944 484
3380 146
4693 665
7291 478
1324 787
9252 31
6393 41
9750 841
8253 292
5140 995
8507 894
2964 885
1 198
1794 952
4673 551
9170 964
1053 220
5506 735
1700 34
4056 170
8187 402
1263 680
9131 84
5258 809
4347 902
1276 585
7932 775
2818 915
3802 362
6553 86
7201 586
1587 450
5867 786
7771 91
3178 147
6030 205
6673 158
2367 971
4786 986
2297 585
2079 678
8457 81
6758 82
5019 218
9276 943
5992 114
3990 863
5905 196
1880 86
372 398
9368 543
8430 301
3317 983
5380 285
9551 811
369 938
5533 433
951 282
4870 198
6581 462
4946 739
7106 575
5692 321
8309 902
6887 465
6852 910
5747 789
1034 485
807 437
470 329
5909 287
7489 183
9347 601
4809 426
3087 354
6679 389
5206 99
5400 443
4615 582
4273 462
7894 330
5608 105
9071 818
7469 118
5965 924
8004 378
6806 180
6055 222
6848 538
1965 92
6021 768
2034 573
4885 431
8815 331
8378 697
9151 671
2586 628
5094 33
8182 327
5972 881
9890 50
9777 428
7879 158
7008 66
6179 123
4087 613
4370 617
7723 480
9702 849
4666 295
5422 70
4429 454
9564 897
7668 402
6743 951
5981 823
9165 927
4303 145
1506 537
368 618
1550 780
2645 755
5810 517
4588 781
3824 15
7308 913
1933 404
4525 646
6355 251
7775 796
4972 583
5329 658
9217 530
6283 807
4657 305
98 842
7168 106
7594 411
8888 946
8639 162
1235 783
1305 607
9617 238
2970 672
5049 512
2189 676
9573 351
6520 614
1871 498
4914 232
3757 703
6684 562
6863 992
5130 859
9284 670
2470 310
3911 941
7149 90
3704 850
1137 501
2442 48
9615 816
126 649
2894 150
3256 524
2543 259
773 787
8858 454
4317 355
4786 431
4020 797
1357 952
1072 609
2491 691
9775 454
3862 937
7252 723
6483 142
2612 818
2419 844
1646 700
299 208
5437 453
363 879
8552 695
4598 851
6068 397
9555 250
7728 639
1355 177
2539 837
5857 959
9708 899
1284 171
4273 815
7705 6
8103 856
397 419
2726 879
9323 810
1724 298
197 215
5890 294
7735 178
795 537
8285 792
5607 836
1304 236
4864 709
1739 699
6947 950
113 443
5905 799
1491 570
38 92
5460 836
8835 867
9903 422
7510 146
9771 400
3269 85
7774 980
24 731
24 244
1171 901
571 729
9303 866
2160 817
7994 127
817 747
6906 238
672 318
6318 467
2606 255
1464 587
2221 811
3159 844
4349 442
1654 696
1535 756
354 101
6859 567
7945 579
8335 42
8617 965
7702 754
4416 338
8089 816
724 202
8049 221
9215 363
7555 985
4278 634
246 566
4415 834
2365 309
358 456
2649 271
4422 47
4156 865
4139 618
409 235
2163 144
214 98
6256 923
7201 364
5097 681
7418 801
2265 419
1347 186
8358 213
7627 318
7932 682
7372 802
45 411
9041 635
8137 837
9384 578
9310 568
4623 751
2500 998
8036 366
4186 113
9691 794
4687 338
3652 221
1634 808
2303 652
6046 678
7716 58
6688 459
5594 869
2544 491
5096 588
2774 390
506 37
2480 604
9452 135
4242 6
1699 426
7716 132
8336 812
956 392
2879 492
2742 628
9099 105
3101 663
3443 549
2412 367
9079 629
3049 923
7906 119
7674 468
6574 770
5748 714
900 795
9326 47
7535 494
7894 818
1744 504
296 925
581 276
4295 262
5125 176
2582 988
7402 557
8808 243
4071 479
9550 427
3951 126
1374 47
5266 80
3210 717
1783 255
1686 21
7345 350
1198 497
2880 570
2023 189
946 812
3198 153
1878 429
2776 179
433 740
4871 999
9136 796
413 794
5414 587
1220 363
9393 404
8307 387
7739 640
4099 351
7164 783
857 548
9012 800
1330 871
8661 360
5719 572
4806 577
3380 158
3572 731
7067 108
5165 300
9370 175
6444 780
3486 501
5571 258
9000 954
3463 616
4198 991
5090 40
3355 685
5213 611
5724 233
3407 155
9897 685
6140 292
118 46
386 998
3744 28
7122 285
3584 840
9674 31
5976 149
928 734
9334 496
7190 871
4204 973
5918 707
6083 461
9260 438
1254 309
4695 188
4125 569
2591 877
1291 33
1376 882
9785 879
7040 393
4008 426
2016 102
8314 80
418 879
8917 129
7702 706
5129 91
5852 253
4524 172
1540 99
5930 258
7677 948
1698 600
5654 588
2434 76
7408 995
6195 799
9996 107
2425 906
8473 527
77 913
7649 715
7958 958
1459 474
7075 578
1987 195
3640 453
8081 860
6484 210
1788 876
7486 275
1599 694
4569 741
8010 370
4306 1
6805 541
9447 798
3317 927
7792 382
5952 23
7122 215
9916 235
6836 385
1414 983
7050 696
8472 520
8481 600
3101 983
24 200
2281 60
8603 663
1677 727
6222 853
2397 826
6726 700
5685 818
9493 153
8926 551
8785 976
4447 314
408 203
3586 164
8496 291
7364 409
9544 3
7827 468
5944 347
6045 979
9169 949
5036 442
5774 382
4143 486
7809 363
5717 730
4278 882
4884 881
7736 726
913 302
1655 495
794 754
8968 930
2322 33
9240 188
3598 638
6953 749
9722 383
7755 408
6506 845
2551 549
5500 408
1386 631
8620 892
960 424
366 485
899 711
1550 66
7191 941
6131 686
9365 704
6561 340
7186 182
3375 464
7147 435
8403 142
9351 382
3983 117
3678 870
9667 915
848 443
7005 901
2256 817
3461 203
5962 93
2034 361
6159 346
8906 552
8644 745
502 311
2626 198
9736 105
8922 478
3713 352
122 813
2645 136
325 589
6556 150
8063 827
3842 490
9369 292
246 317
1258 560
574 770
4696 746
9657 923
19 707
7238 394
6875 265
341 161
1528 274
1230 215
9517 493
5099 395
1737 443
2951 847
7515 737
2546 643
9764 668
1873 892
8720 418
6955 572
9479 970
6557 296
5304 36
9832 433
5864 614
2963 738
5692 465
2735 539
7599 143
3443 162
9457 864
6416 927
300 144
7599 879
6882 912
6943 159
1743 996
2723 6
9105 448
5981 554
4747 359
3624 438
4521 73
1887 741
1868 11
390 640
1518 135
7980 367
61 218
551 572
7185 151
3422 232
5239 3
8857 424
7233 897
5710 651
6817 117
783 619
1626 945
8794 368
8368 457
2149 923
2663 950
6373 509
7885 973
291 544
3395 268
1495 393
7448 217
2508 852
8560 223
190 793
8258 721
9410 16
4807 68
6484 682
9937 980
5050 855
6887 200
1414 626
6241 642
5632 624
1596 13
9102 309
181 987
6090 500
7511 630
3041 956
7919 582
6203 242
1721 469
8712 326
784 359
150 257
7191 633
7086 987
4781 609
1134 874
7039 921
4123 513
4681 136
86 337
6622 585
7037 164
9876 31
8299 130
2781 801
5381 38
1567 807
8202 30
4937 446
4650 273
9610 769
2150 150
6935 444
4969 869
3144 678
7479 468
7642 434
9786 536
650 497
5694 430
59 393
7303 962
8126 650
1645 188
7302 906
7115 179
6538 532
4175 838
8522 513
6270 255
7798 705
2387 646
3609 376
8961 435
7577 298
8193 350
7770 758
6784 729
9739 416
6048 534
6533 615
1523 369
7026 496
1547 73
9492 508
8072 241
7498 647
6464 595
5156 78
6954 272
768 238
805 728
3825 574
3400 192
3821 461
4316 216
3185 684
9399 93
9310 633
1637 534
9412 669
4406 420
1665 966
1091 237
1329 790
8905 470
6281 494
9919 891
6591 169
8709 205
5965 46
4737 877
7084 467
6639 508
2876 175
6581 522
9825 939
3466 386
2073 243
5699 195
3240 272
3742 160
2490 610
1663 540
8941 496
6583 723
2998 68
8572 45
6869 311
1797 301
8594 931
208 920
9957 147
822 81
2407 982
1896 416
4818 446
4904 608
8926 664
1649 905
5008 304
9106 62
7837 869
3678 841
9000 513
4067 518
8039 359
8532 849
2548 104
2083 465
6720 195
4035 276
248 712
3230 328
8292 335
9094 169
8629 560
5989 356
8733 843
6264 363
4856 166
7176 888
9734 39
1847 33
7517 456
9738 703
3308 467
8541 503
8836 306
6599 69
1118 583
6448 891
1852 436
8806 973
1637 317
7216 293
5177 789
4917 510
2098 115
1997 479
2485 455
5209 152
9832 298
6528 565
7689 380
7563 302
5462 553
5314 903
334 363
8443 998
4120 364
2465 957
4319 883
8955 846
7441 446
6577 199
6037 934
7468 359
241 278
7737 256
2250 947
742 167
8385 702
9883 872
6379 962
6346 230
6697 535
2173 505
5691 116
6239 107
1811 442
886 924
5592 410
5095 783
4318 641
2477 590
1110 896
9163 796
9457 464
4309 183
3055 8
4857 302
7763 666
2812 25
6548 808
4681 598
8016 500
7924 19
3455 764
2021 345
5168 531
8848 513
6985 629
6271 944
7539 131
5736 156
3955 572
2740 951
7564 338
8483 360
6168 681
6403 644
9167 309
8415 467
4605 933
1339 389
4130 637
6197 718
1061 491
2184 53
3540 613
4970 719
2100 753
6624 204
8472 338
6172 374
18 861
6769 222
4426 93
2301 995
4311 619
4485 248
9157 925
2746 264
8820 412
43 439
605 168
2405 182
2267 764
5076 293
7513 974
3567 136
8289 732
116 217
4615 627
6313 222
7690 628
7285 899
8407 301
370 755
1497 442
2635 639
6657 599
5501 260
7753 749
3170 886
5560 540
4097 253
3048 750
20 916
6332 895
9250 614
8411 134
1354 695
1650 664
1861 922
7200 827
2869 210
488 196
6457 738
7601 608
372 588
815 96
5162 321
3148 367
6206 826
4776 812
4591 406
6100 123
351 878
1005 83
339 10
4722 786
3444 82
1578 740
1509 176
3446 730
2410 869
9629 583
1927 981
4916 726
8479 50
8020 111
5764 298
7434 437
5831 833
6258 59
6551 760
2797 752
5081 403
1447 378
8399 875
6993 172
2576 515
8396 403
5392 599
3067 716
6878 909
9925 753
5856 660
9996 535
4967 809
8280 461
4200 415
6503 110
1505 796
3049 667
6750 107
4594 68
1200 348
8921 959
9826 710
8699 535
5129 504
2586 877
7075 156
6239 266
9784 846
9076 536
6968 305
6572 857
9245 281
9781 316
7881 197
6545 871
4702 21
8874 217
5854 49
1938 131
1051 636
4975 319
1588 117
7269 256
5988 577
5207 600
7852 176
6798 461
6613 488
23 820
2847 519
5437 656
5272 725
9154 691
8871 3
4200 303
3700 530
3585 933
1892 106
1750 502
1330 688
5043 966
2618 135
7187 509
3004 105
41 582
5742 750
3380 444
5264 716
1904 10
2709 902
9415 403
358 241
7808 671
3902 28
6295 516
8337 9
936 427
7243 483
5851 401
776 782
7619 801
7676 575
1195 839
9851 371
4683 963
3981 739
192 312
8492 937
6866 175
8444 426
4145 65
156 681
7977 902
6563 381
8034 667
7445 788
9299 772
2292 155
3725 218
4882 394
3408 844
5228 710
4470 685
6128 184
6317 404
4703 181
2208 860
6358 537
3032 911
9738 460
9809 287
6979 58
4236 174
6279 449
3890 974
5732 548
65 852
2520 516
762 953
7644 244
3186 936
5136 923
8291 583
406 942
9644 823
5291 220
8627 117
2093 533
8107 779
1499 277
180 331
434 492
6934 882
5335 860
1174 494
186 550
7776 547
929 170
159 488
1020 23
2572 450
5864 486
4982 396
6747 291
1629 405
9366 320
7653 443
9927 344
506 54
6187 836
9696 104
2847 204
6966 796
7477 286
7538 267
7168 983
3135 227
7644 51
8435 504
296 251
5579 444
6976 497
9576 639
3154 809
7579 985
6505 277
8574 920
13 229
2764 485
9021 943
9862 78
7166 695
3430 424
7891 109
2166 669
1405 887
3959 547
7540 42
3695 435
7555 515
5022 772
7076 312
137 504
9653 134
6655 804
3494 435
2761 312
6999 516
6209 958
7918 669
5071 567
91 103
4169 231
6250 665
5752 328
495 534
7716 413
4959 281
4930 574
5119 567
7053 992
1105 791
8147 705
7352 339
8550 633
9200 319
110 787
968 464
3441 346
4666 330
2508 390
74 133
2000 291
5525 86
936 857
9686 872
9631 432
4295 252
503 683
4126 322
1044 760
8525 426
3114 418
6467 476
4265 594
3584 560
5886 962
1361 723
5759 560
4409 747
4096 318
2210 981
6163 915
309 537
4628 118
8559 844
8925 155
5733 405
3416 818
2676 603
6793 906
3725 254
4091 519
8028 870
5145 977
6610 532
6808 854
8470 995
5562 27
222 503
344 631
6196 960
2887 378
1709 656
8500 258
7267 539
8598 775
1215 457
9082 600
2199 650
6748 643
4689 24
9889 606
3222 964
7892 66
5126 745
6865 619
2901 387
4078 292
4512 159
64 641
3828 2
7001 325
7801 873
7888 352
348 449
5568 503
6701 70
2614 286
2190 75
7961 259
9886 247
7843 13
3462 810
3896 923
4582 235
4396 497
7109 110
500 645
547 694
9023 886
7389 600
62 287
3887 172
286 603
6643 146
1890 138
4035 92
8220 7
4436 155
6585 652
9467 613
776 206
7105 295
6185 750
4899 834
9992 822
9120 37
4064 423
5571 164
7137 799
8790 461
6936 306
8831 982
8660 73
1766 8
2628 1000
4971 605
7777 37
2317 232
5059 251
2142 461
4783 653
1265 149
5736 270
6481 964
2738 975
1715 372
8 605
4118 904
4164 715
7546 956
2849 327
3449 760
6507 619
9188 134
5295 258
7921 687
7308 610
178 257
1678 703
3384 547
1785 998
4740 145
2780 660
9968 810
2992 785
5720 538
4367 202
6118 576
4191 236
8360 915
4164 774
6476 13
1575 130
6903 634
3666 395
4125 341
6131 646
701 880
8815 694
8409 162
3942 203
903 887
5505 627
9879 282
990 258
3028 114
2094 760
6765 273
2042 721
3766 387
8735 468
2045 556
8705 549
8317 251
1546 720
4245 303
9262 281
9971 712
564 761
3205 806
2115 597
5895 757
5578 105
2778 970
2373 356
5099 930
6509 657
5724 517
9586 857
2096 371
4135 858
6156 906
4046 85
3692 32
508 897
8387 589
3746 900
5085 737
10000 559
8906 230
5778 614
7505 695
2743 832
8839 91
7506 972
3004 258
7823 107
1295 597
6838 333
3350 168
334 935
6481 581
2000 977
4787 366
3628 502
4696 186
4564 617
6666 486
546 425
8303 20
3751 638
5377 466
4928 590
1547 290
9884 248
3277 779
3585 196
8066 171
1635 25
631 844
2431 230
2876 67
9883 615
1975 196
228 534
9745 80
2630 163
2671 392
2301 370
407 660
6257 55
9332 663
9031 389
5910 374
9832 526
3543 450
8216 177
629 162
6878 438
5364 775
98 463
8091 25
6603 79
8055 849
9846 352
9710 653
8401 39
8893 607
7898 833
7138 510
4993 294
7010 139
7151 695
7017 867
4876 929
5609 350
6795 181
232 164
6355 792
7164 458
5316 306
6930 864
3220 694
9812 234
3340 556
2194 714
7671 596
6769 584
302 421
3185 745
4609 881
7238 390
2745 78
1951 893
4535 887
9211 37
1771 496
5660 867
6235 274
7877 400
5010 921
823 987
9963 176
5952 485
3388 548
5105 721
3701 765
696 596
7010 631
1679 564
9321 242
9408 709
5171 281
7604 65
9057 560
9677 499
9049 72
6772 770
3591 102
3433 140
97 975
2006 820
5028 602
9492 350
9788 545
1664 56
3335 164
7107 680
2994 219
3458 676
7393 671
3274 411
4251 742
7038 194
7841 926
718 162

